1326613289
875114953
1048568591
2100494594
311819303
1150138041
1753374244
848375266
1905972435
1775944045
1633986249
1561133050
41314863
62405281
1735289847
417506254
2019812082
1520721538
1066896972
628017520
2011241177
1824672476
1519729979
589799303
276228847
881848766
378443181
934079155
1064068695
2134777427
604155733
243198337
862408732
1652724324
196209283
1174228036
655378717
1949583528
2022603302
413867504
1578043925
1509105904
1975000555
1619358788
1571511185
1562806754
2036865043
1443839619
936044644
956278367
2071857140
799802173
633467196
1444103471
1389601476
909696043
178468589
1768044657
1843775199
1242537285
1755338436
300447284
1485735622
470263521
1953171609
1681944905
1644491557
461066678
1484044785
1519611211
874934183
914605062
881233467
702451090
386480203
305261005
117774196
275861598
1749100624
1053818840
1232139965
1673474116
1853621013
1865607161
970093940
1095738842
627819557
1148562529
716299851
324111108
243616166
324154640
624558392
1729351788
794418161
430246353
1263813046
291426070
891313032
600374183
1811037281
1766247215
1514979246
544787101
321214657
1901459449
850048106
438988853
29837399
451665082
1492807693
1261977364
2125139199
1198945058
980100878
947749491
147200252
1607920435
2096312020
863500104
1932031543
192444539
1187654744
409106287
1921796327
1982072905
839352641
1038125725
126015327
1730665673
1638499909
1937052608
1349429240
1005995507
334356061
1670643897
759971308
1184404167
2109632750
789808707
1636069250
1454956795
2051786071
1613724801
506418205
884403301
413990644
653618458
344840088
362819016
1517118562
129387983
555263555
557289658
538494271
329576235
391878915
1377846912
1367701960
517894242
961028937
858718221
307463202
162974529
1864713728
641819264
1833618426
477201388
1826223431
1795767528
1267010095
1314809033
1103240675
1171312519
781050186
1609658880
2055715820
1195040830
115793690
253072261
1557859847
1632912252
382460244
2113123402
42718262
920954515
295215989
434597177
151317779
1662917950
952491419
1112346716
374152523
1259954622
1275321245
91382604
1901773886
961456023
568583992
1580513669
609739903
1835594088
747839055
1712980578
859422959
1528889241
1175155811
767655131
576446424
1290949501
1020727392
2134306271
776378106
1403187637
2099946025
819096368
176658504
247678367
1253693546
327976284
1910596317
58701317
1440323000
137265192
1318655939
568160598
228647796
1072946177
1529616621
797231789
505976199
2139356525
485342229
1253815254
1704853455
1344765188
635220847
732525618
2112420319
1211667271
2023475120
985664064
1198489894
652369578
241368053
1150952272
1471465946
418026557
1398630639
577675844
746002841
1161743308
636377162
38842194
1299008500
1955033101
607002792
1527656297
880495631
2136619413
177404438
1386471830
2128492290
662746667
492803436
1685862098
2007511855
1128024283
270904068
1972448526
192207907
146895540
810628942
1390697801
799265118
1051996995
394166425
123247417
1470023553
1792797064
700923261
68542746
807056724
1337300423
107384940
2106065225
1144849877
714387732
1486237874
2025345508
703523498
1663642312
1264333690
684532140
178905331
1757137126
222910590
38933538
737677761
493814659
2011382064
929885668
640710199
674527359
173099822
1439975318
1726524354
567266247
1563222735
1049064259
212579664
116662348
1117607006
1019636388
1453962772
1224991946
978217965
451329001
1939379679
316972191
329190861
495419529
1980614503
1593524551
1179951669
12036186
1203178029
1402862260
50969724
1940855790
1896676919
2062351789
723257811
389903470
589395500
896357633
1829878788
168436206
1463623880
1245617875
1217500466
1676203544
1362280224
187623824
548356285
668759348
1412615770
1526574250
1120088349
1204511801
1843546442
1449279210
1699931330
1676677297
895320113
732399352
1688713484
2098498142
2135261612
1739683208
1891870284
1884454883
1654551349
467644447
126874705
96463201
1364002080
1956753494
264899408
680142313
1054887721
1482399874
208862209
269684297
1670023698
757218494
938443645
935155820
136309097
2058531994
2139667622
1979855539
1360327556
1692115304
1509049188
108164021
277031008
1050279024
59178515
264808972
642478585
1951048800
1780207
149546286
271209599
128654913
246009488
1635211680
2085408407
510908896
167870345
992812480
1993308770
376732554
1262496778
1515848820
1133951049
53456775
303520992
1270260146
2111988770
295704966
1102632037
1324832678
1987820271
464197577
1432996700
117367631
1514476602
1492175215
382176604
9471539
1295740367
383956811
159017825
1566949967
512611724
405027313
1054677999
450536483
915936209
1222548344
1443348964
761761331
1599280898
558362094
130126503
585748299
611818869
433647496
1856008445
576323991
729352462
811156834
1901156670
569689085
1275354412
1186669722
687056717
642347366
531361289
1069233321
651818905
1827101657
1453190132
810836730
1246567976
1965801857
1215864044
153762327
268854692
2131800253
1376310671
1712203656
746077937
828107921
123082102
876204440
1413856221
734900972
1309851936
1122381018
1311224963
2039204399
1933537853
1064897985
461409836
1061408617
104084059
1148466553
1703755983
635445349
70216226
208091240
315063358
1523406359
1018927970
1561631334
1341724568
87308366
1715393661
1610579260
71624972
944220684
1175299269
817702909
1772328605
1298381371
1693907349
1038701178
2033282343
856275638
13598549
1197023659
747996389
1947136402
114437996
1209406225
861061371
218522056
210389131
417333706
853967405
280605357
625424946
1169030763
1804011716
1644352916
583178449
998252636
1731661283
151088462
461348249
1803286255
1095309146
1636647518
473505516
720154103
787545241
19929217
1758855282
673343937
876204855
1772453831
1870367596
1624201244
1572106585
1984805592
686123822
285684308
55844000
896512953
703018014
909811405
1177118310
1328442960
2078842168
833646379
825312228
514536969
1831899015
409489863
665625431
145763616
65292470
1760934577
1782411134
538797986
333605033
422472728
558727204
2092460315
1095816665
1434932059
1717430498
818700613
911649656
1142053435
656022557
1597773478
1427737743
711866558
346802783
2130755757
1621677963
1523921093
1311715069
1553036484
210083824
2137027297
2067573453
2041982840
399033513
585715237
40262808
464325983
199166166
1822673943
1003123970
532771199
97663023
1561851174
477747866
1193479688
849299585
47694716
2012180301
1760949241
1189748151
520719210
1211239071
470002246
1232585768
1558041854
453274355
706780084
934479300
1764989424
112332920
1144563124
1754533074
32422725
1039062316
6082939
618137962
1079325125
470408922
817304129
754515420
1473532892
1350075328
852178443
887900418
1827823195
2045658131
1737200004
1875517911
1910354784
1350665597
917782415
283590346
414421021
1387784661
1516176115
1972462875
1841059017
75472551
759458527
1458564793
187805471
1904021652
1065614219
220228196
795600320
1071697158
838366159
1874925445
1542106081
1655670288
481957217
868155325
858261968
1334135660
1756055744
538601515
1232310143
1345772100
266635779
995181279
548954049
1184418194
1278771626
963375070
424719207
647464093
788354298
118294576
722936644
1547812825
1576859370
910742115
1304350829
494989941
1130970311
2099951150
1566687100
1969336470
1827392947
961309533
1477523110
161866517
1829464858
188301431
1496002177
1438036954
726902946
580828673
636325406
993538725
1576009952
1185279456
30473271
707297930
1170878
455192479
1354762023
789525176
573487055
2077698667
189854354
2862777
840957134
1494205183
497852719
1971927446
1446672685
2064539819
1793780268
1126581985
878365704
1123819731
1288448502
560346914
1312121162
636967031
1998383869
2039024108
1217795704
487225627
885079186
646322009
1672505083
915552457
1353619939
1673675962
1370744936
560898315
315717490
1944231992
491113334
505571844
1947094769
1332070469
1999777028
297463840
1156514267
1298966065
214520011
802810887
278064402
1092885715
1926630618
1566512904
1653232630
1091268132
55996288
1504132851
982808593
1273791992
1991358478
1867887779
1920114001
1516379914
635956588
1126250293
1042572228
2006701525
1687148608
1358289718
1803449869
30778294
1863861563
1603060990
1362848763
1716154943
1900524831
371879382
867637360
2115044842
1174690270
1145701763
1060446910
953837240
564731019
566195892
2045105373
620727307
2070328743
880430318
1894519300
1914203573
600834449
1667149653
1283099839
1236791037
645916298
178188419
1096008914
185581258
1536478138
751975135
216359553
1252856053
207552478
1579208316
821527348
2108077309
1951087699
1689164708
2075638503
978294321
687382823
988601765
1932131561
1252113843
1554797657
1829753286
1872841150
1477642752
562699956
1619876802
1244362678
1163534405
1139542808
379978869
252841795
1785459106
558167289
1348850709
1971040365
2094645427
2100825845
39916270
1200017832
160894675
1619124586
2021545180
121488336
1422728637
1563226240
49643191
253539310
103125416
1038244957
38187224
1355239259
445558966
1867940510
1080596761
1923201719
283156819
552989916
1020080749
1446691224
1692532724
1400059618
1699533019
1330508182
1958226907
900900081
1154064899
1905388686
854242278
1193981169
957922870
1015136953
665622108
831984402
1136625289
2088350745
247726995
1186268480
194406408
350852411
77029789
232593632
1706091670
522588756
2100534142
639204783
298306827
236207313
1192194699
1318387576
1682898538
737243775
570963546
1234947909
2067751958
381706806
2135847990
1074333209
139611844
842606620
120830731
1097534715
1857743573
786452839
1929519117
846885214
727319936
29762464
2033153695
921726344
380614875
2110183484
1154319976
2086706545
485288592
1107370471
578427681
783595419
1343577784
1770622380
2101982995
878992674
360382508
525462894
2113940584
280650818
907169700
2102304926
1354984027
1046781544
797427899
1475814758
2144316259
507687824
114783949
1926351729
1354573039
842103886
1956114193
1240243086
1763830230
189245421
1202942922
770666559
128468318
1688231515
1878037030
706895999
324343286
1074131166
330034732
278842634
1953123841
690417240
804305528
1919580777
971068058
1711475228
1874402055
178568437
610773124
524346306
1654383196
607605736
1032034131
1769167145
386473817
239123522
463787383
195104362
1479366608
80133966
384349783
534825882
850800525
512818102
75573749
581353907
1219714101
399917036
1655485073
1549748833
678759670
1461125266
92682425
1483065198
1233222395
1063750483
1047056778
960140803
1242318921
1657829902
1484487109
749218469
117951990
369037592
370901966
504425807
608161114
834689350
699530170
2087527722
914823316
1083879953
474869957
1765623841
1596698055
550443706
199494100
668928509
950360742
1854979173
71193694
1629120412
1168620792
163876120
